(kicad_pcb (version 20171130) (host pcbnew "(5.0.2)-1")

  (general
    (thickness 1.6)
    (drawings 787)
    (tracks 626)
    (zones 0)
    (modules 35)
    (nets 21)
  )

  (page A4)
  (title_block
    (title Mimikyu)
    (date 2020-12-17)
    (rev A)
  )

  (layers
    (0 F.Cu signal)
    (31 B.Cu signal)
    (32 B.Adhes user)
    (33 F.Adhes user)
    (34 B.Paste user hide)
    (35 F.Paste user)
    (36 B.SilkS user)
    (37 F.SilkS user)
    (38 B.Mask user)
    (39 F.Mask user hide)
    (40 Dwgs.User user hide)
    (41 Cmts.User user)
    (42 Eco1.User user)
    (43 Eco2.User user)
    (44 Edge.Cuts user)
    (45 Margin user)
    (46 B.CrtYd user)
    (47 F.CrtYd user)
    (48 B.Fab user hide)
    (49 F.Fab user hide)
  )

  (setup
    (last_trace_width 0.25)
    (trace_clearance 0.2)
    (zone_clearance 0.35)
    (zone_45_only no)
    (trace_min 0.2)
    (segment_width 0.2)
    (edge_width 0.1)
    (via_size 0.6)
    (via_drill 0.3)
    (via_min_size 0.4)
    (via_min_drill 0.3)
    (uvia_size 0.3)
    (uvia_drill 0.1)
    (uvias_allowed no)
    (uvia_min_size 0.2)
    (uvia_min_drill 0.1)
    (pcb_text_width 0.3)
    (pcb_text_size 1.5 1.5)
    (mod_edge_width 0.15)
    (mod_text_size 1 1)
    (mod_text_width 0.15)
    (pad_size 1.5 1.5)
    (pad_drill 0.6)
    (pad_to_mask_clearance 0)
    (solder_mask_min_width 0.25)
    (aux_axis_origin 0 0)
    (visible_elements 7FFFFFFF)
    (pcbplotparams
      (layerselection 0x010fc_ffffffff)
      (usegerberextensions false)
      (usegerberattributes false)
      (usegerberadvancedattributes false)
      (creategerberjobfile false)
      (excludeedgelayer true)
      (linewidth 0.100000)
      (plotframeref false)
      (viasonmask false)
      (mode 1)
      (useauxorigin false)
      (hpglpennumber 1)
      (hpglpenspeed 20)
      (hpglpendiameter 15.000000)
      (psnegative false)
      (psa4output false)
      (plotreference true)
      (plotvalue true)
      (plotinvisibletext false)
      (padsonsilk false)
      (subtractmaskfromsilk false)
      (outputformat 1)
      (mirror false)
      (drillshape 0)
      (scaleselection 1)
      (outputdirectory "Mimikyu_gerber/"))
  )

  (net 0 "")
  (net 1 /Vin)
  (net 2 GND)
  (net 3 /5V_in)
  (net 4 "Net-(C7-Pad1)")
  (net 5 "Net-(D6-Pad1)")
  (net 6 "Net-(D7-Pad1)")
  (net 7 "Net-(Q5-Pad1)")
  (net 8 /EYE_LED)
  (net 9 /MOSI)
  (net 10 /MTO)
  (net 11 /MISO)
  (net 12 /SCK)
  (net 13 "Net-(R12-Pad1)")
  (net 14 /TOUCH)
  (net 15 "Net-(R13-Pad2)")
  (net 16 /MTSA)
  (net 17 /MTPM)
  (net 18 /rst)
  (net 19 "Net-(U2-Pad2)")
  (net 20 "Net-(U2-Pad3)")

  (net_class Default "This is the default net class."
    (clearance 0.2)
    (trace_width 0.25)
    (via_dia 0.6)
    (via_drill 0.3)
    (uvia_dia 0.3)
    (uvia_drill 0.1)
    (add_net /MISO)
    (add_net /MOSI)
    (add_net /MTO)
    (add_net /MTPM)
    (add_net /MTSA)
    (add_net /SCK)
    (add_net /TOUCH)
    (add_net /rst)
    (add_net "Net-(R12-Pad1)")
    (add_net "Net-(R13-Pad2)")
    (add_net "Net-(U2-Pad2)")
    (add_net "Net-(U2-Pad3)")
  )

  (net_class LED ""
    (clearance 0.25)
    (trace_width 0.35)
    (via_dia 0.6)
    (via_drill 0.3)
    (uvia_dia 0.3)
    (uvia_drill 0.1)
    (add_net /EYE_LED)
    (add_net "Net-(D6-Pad1)")
    (add_net "Net-(D7-Pad1)")
    (add_net "Net-(Q5-Pad1)")
  )

  (net_class power ""
    (clearance 0.3)
    (trace_width 0.5)
    (via_dia 0.6)
    (via_drill 0.3)
    (uvia_dia 0.3)
    (uvia_drill 0.1)
    (add_net /5V_in)
    (add_net /Vin)
    (add_net GND)
    (add_net "Net-(C7-Pad1)")
  )

  (module Sensor_Voltage:MTCH101T (layer B.Cu) (tedit 5FDB7A13) (tstamp 5FDB64FD)
    (at 122.682 128.9812 180)
    (path /5FD6BBA9)
    (fp_text reference U3 (at 1.778 1.8796 180) (layer B.SilkS)
      (effects (font (size 0.5 0.5) (thickness 0.123)) (justify mirror))
    )
    (fp_text value MTCH101T-I_OT (at 0 0 180) (layer B.SilkS) hide
      (effects (font (size 1 1) (thickness 0.15)) (justify mirror))
    )
    (fp_text user "Copyright 2016 Accelerated Designs. All rights reserved." (at 0 0 180) (layer Cmts.User)
      (effects (font (size 0.127 0.127) (thickness 0.002)))
    )
    (fp_text user * (at -1.5494 1.6764 180) (layer B.SilkS)
      (effects (font (size 1 1) (thickness 0.15)) (justify mirror))
    )
    (fp_text user * (at -0.5207 1.4732 180) (layer B.Fab)
      (effects (font (size 1 1) (thickness 0.15)) (justify mirror))
    )
    (fp_text user * (at -1.5494 1.6764 180) (layer B.SilkS)
      (effects (font (size 1 1) (thickness 0.15)) (justify mirror))
    )
    (fp_text user * (at -0.5207 1.4732 180) (layer B.Fab)
      (effects (font (size 1 1) (thickness 0.15)) (justify mirror))
    )
    (fp_line (start -0.9017 0.696) (end -0.9017 1.204) (layer B.Fab) (width 0.1524))
    (fp_line (start -0.9017 1.204) (end -1.6002 1.204) (layer B.Fab) (width 0.1524))
    (fp_line (start -1.6002 1.204) (end -1.6002 0.696) (layer B.Fab) (width 0.1524))
    (fp_line (start -1.6002 0.696) (end -0.9017 0.696) (layer B.Fab) (width 0.1524))
    (fp_line (start -0.9017 -0.254) (end -0.9017 0.254) (layer B.Fab) (width 0.1524))
    (fp_line (start -0.9017 0.254) (end -1.6002 0.254) (layer B.Fab) (width 0.1524))
    (fp_line (start -1.6002 0.254) (end -1.6002 -0.254) (layer B.Fab) (width 0.1524))
    (fp_line (start -1.6002 -0.254) (end -0.9017 -0.254) (layer B.Fab) (width 0.1524))
    (fp_line (start -0.9017 -1.204) (end -0.9017 -0.696) (layer B.Fab) (width 0.1524))
    (fp_line (start -0.9017 -0.696) (end -1.6002 -0.696) (layer B.Fab) (width 0.1524))
    (fp_line (start -1.6002 -0.696) (end -1.6002 -1.204) (layer B.Fab) (width 0.1524))
    (fp_line (start -1.6002 -1.204) (end -0.9017 -1.204) (layer B.Fab) (width 0.1524))
    (fp_line (start 0.9017 -0.696) (end 0.9017 -1.204) (layer B.Fab) (width 0.1524))
    (fp_line (start 0.9017 -1.204) (end 1.6002 -1.204) (layer B.Fab) (width 0.1524))
    (fp_line (start 1.6002 -1.204) (end 1.6002 -0.696) (layer B.Fab) (width 0.1524))
    (fp_line (start 1.6002 -0.696) (end 0.9017 -0.696) (layer B.Fab) (width 0.1524))
    (fp_line (start 0.9017 0.254) (end 0.9017 -0.254) (layer B.Fab) (width 0.1524))
    (fp_line (start 0.9017 -0.254) (end 1.6002 -0.254) (layer B.Fab) (width 0.1524))
    (fp_line (start 1.6002 -0.254) (end 1.6002 0.254) (layer B.Fab) (width 0.1524))
    (fp_line (start 1.6002 0.254) (end 0.9017 0.254) (layer B.Fab) (width 0.1524))
    (fp_line (start 0.9017 1.204) (end 0.9017 0.696) (layer B.Fab) (width 0.1524))
    (fp_line (start 0.9017 0.696) (end 1.6002 0.696) (layer B.Fab) (width 0.1524))
    (fp_line (start 1.6002 0.696) (end 1.6002 1.204) (layer B.Fab) (width 0.1524))
    (fp_line (start 1.6002 1.204) (end 0.9017 1.204) (layer B.Fab) (width 0.1524))
    (fp_line (start -1.0287 -1.6764) (end 1.0287 -1.6764) (layer B.SilkS) (width 0.1524))
    (fp_line (start 1.0287 1.6764) (end -1.0287 1.6764) (layer B.SilkS) (width 0.1524))
    (fp_line (start -0.9017 -1.5494) (end 0.9017 -1.5494) (layer B.Fab) (width 0.1524))
    (fp_line (start 0.9017 -1.5494) (end 0.9017 1.5494) (layer B.Fab) (width 0.1524))
    (fp_line (start 0.9017 1.5494) (end -0.9017 1.5494) (layer B.Fab) (width 0.1524))
    (fp_line (start -0.9017 1.5494) (end -0.9017 -1.5494) (layer B.Fab) (width 0.1524))
    (fp_line (start -2.204199 -1.483) (end -2.204199 1.483) (layer B.CrtYd) (width 0.1524))
    (fp_line (start -2.204199 1.483) (end -1.1557 1.483) (layer B.CrtYd) (width 0.1524))
    (fp_line (start -1.1557 1.483) (end -1.1557 1.8034) (layer B.CrtYd) (width 0.1524))
    (fp_line (start -1.1557 1.8034) (end 1.1557 1.8034) (layer B.CrtYd) (width 0.1524))
    (fp_line (start 1.1557 1.8034) (end 1.1557 1.483) (layer B.CrtYd) (width 0.1524))
    (fp_line (start 1.1557 1.483) (end 2.204199 1.483) (layer B.CrtYd) (width 0.1524))
    (fp_line (start 2.204199 1.483) (end 2.204199 -1.483) (layer B.CrtYd) (width 0.1524))
    (fp_line (start 2.204199 -1.483) (end 1.1557 -1.483) (layer B.CrtYd) (width 0.1524))
    (fp_line (start 1.1557 -1.483) (end 1.1557 -1.8034) (layer B.CrtYd) (width 0.1524))
    (fp_line (start 1.1557 -1.8034) (end -1.1557 -1.8034) (layer B.CrtYd) (width 0.1524))
    (fp_line (start -1.1557 -1.8034) (end -1.1557 -1.483) (layer B.CrtYd) (width 0.1524))
    (fp_line (start -1.1557 -1.483) (end -2.204199 -1.483) (layer B.CrtYd) (width 0.1524))
    (fp_arc (start 0 1.5494) (end 0.3048 1.5494) (angle -180) (layer B.Fab) (width 0.1524))
    (pad 1 smd rect (at -1.2954 0.950001 180) (size 1.309599 0.558) (layers B.Cu B.Paste B.Mask)
      (net 13 "Net-(R12-Pad1)"))
    (pad 2 smd rect (at -1.2954 0 180) (size 1.309599 0.558) (layers B.Cu B.Paste B.Mask)
      (net 2 GND))
    (pad 3 smd rect (at -1.2954 -0.950001 180) (size 1.309599 0.558) (layers B.Cu B.Paste B.Mask)
      (net 15 "Net-(R13-Pad2)"))
    (pad 4 smd rect (at 1.2954 -0.950001 180) (size 1.309599 0.558) (layers B.Cu B.Paste B.Mask)
      (net 10 /MTO))
    (pad 5 smd rect (at 1.2954 0 180) (size 1.309599 0.558) (layers B.Cu B.Paste B.Mask)
      (net 1 /Vin))
    (pad 6 smd rect (at 1.2954 0.950001 180) (size 1.309599 0.558) (layers B.Cu B.Paste B.Mask)
      (net 17 /MTPM))
    (model ${KISYS3DMOD}/Package_TO_SOT_SMD.3dshapes/SOT-23-6.step
      (at (xyz 0 0 0))
      (scale (xyz 1 1 1))
      (rotate (xyz 0 0 0))
    )
  )

  (module Battery:BAT_BC-2003 (layer B.Cu) (tedit 5FDB79B7) (tstamp 5FE97C81)
    (at 108.5088 85.6996)
    (path /5FB91E7F)
    (fp_text reference BT1 (at -11.938 4.064) (layer B.SilkS)
      (effects (font (size 1 1) (thickness 0.23)) (justify mirror))
    )
    (fp_text value BC-2003 (at -6.765 -5.865) (layer B.Fab)
      (effects (font (size 1 1) (thickness 0.015)) (justify mirror))
    )
    (fp_line (start -10.35 4.765) (end 10.35 4.765) (layer B.Fab) (width 0.127))
    (fp_line (start -10.35 4.765) (end -10.35 -4.765) (layer B.Fab) (width 0.127))
    (fp_line (start -10.35 -4.765) (end 10.35 -4.765) (layer B.Fab) (width 0.127))
    (fp_line (start 10.35 4.765) (end 10.35 -4.765) (layer B.Fab) (width 0.127))
    (fp_line (start -13.46 5.015) (end -13.46 -5.015) (layer B.CrtYd) (width 0.05))
    (fp_line (start -13.46 -5.015) (end 13.46 -5.015) (layer B.CrtYd) (width 0.05))
    (fp_line (start 13.46 -5.015) (end 13.46 5.015) (layer B.CrtYd) (width 0.05))
    (fp_line (start 13.46 5.015) (end -13.46 5.015) (layer B.CrtYd) (width 0.05))
    (fp_line (start -0.8 5.4) (end 0.7 5.4) (layer B.Fab) (width 0.127))
    (fp_line (start -12.6552 -3.9116) (end -11.1552 -3.9116) (layer B.SilkS) (width 0.127))
    (fp_line (start -10.35 3.1) (end -10.35 4.765) (layer B.SilkS) (width 0.127))
    (fp_line (start -10.35 4.765) (end 10.35 4.765) (layer B.SilkS) (width 0.127))
    (fp_line (start 10.35 4.765) (end 10.35 3.1) (layer B.SilkS) (width 0.127))
    (fp_line (start 10.35 -3.1) (end 10.35 -4.765) (layer B.SilkS) (width 0.127))
    (fp_line (start 10.35 -4.765) (end -10.35 -4.765) (layer B.SilkS) (width 0.127))
    (fp_line (start -10.35 -4.765) (end -10.35 -3.1) (layer B.SilkS) (width 0.127))
    (fp_line (start -11.9052 -4.6616) (end -11.9052 -3.1616) (layer B.SilkS) (width 0.127))
    (fp_line (start -12.6552 -3.9116) (end -11.1552 -3.9116) (layer B.Fab) (width 0.127))
    (fp_line (start -11.9052 -4.6616) (end -11.9052 -3.1616) (layer B.Fab) (width 0.127))
    (fp_line (start -0.8 5.4) (end 0.7 5.4) (layer B.SilkS) (width 0.127))
    (fp_line (start 11.0584 -3.9116) (end 12.5584 -3.9116) (layer B.SilkS) (width 0.127))
    (fp_line (start 11.8084 -4.6616) (end 11.8084 -3.1616) (layer B.SilkS) (width 0.127))
    (fp_line (start 11.0584 -3.9116) (end 12.5584 -3.9116) (layer B.Fab) (width 0.127))
    (fp_line (start 11.8084 -4.6616) (end 11.8084 -3.1616) (layer B.Fab) (width 0.127))
    (pad S1+ smd rect (at -11.905 0) (size 2.6 5.56) (layers B.Cu B.Paste B.Mask)
      (net 1 /Vin))
    (pad S2+ smd rect (at 11.905 0) (size 2.6 5.56) (layers B.Cu B.Paste B.Mask)
      (net 1 /Vin))
    (pad - smd rect (at 0 0) (size 7.8 5.96) (layers B.Cu B.Mask)
      (net 2 GND))
    (model ${KISYS3DMOD}/Battery.3dshapes/BC-2003-2--3DModel-STEP-1.STEP
      (at (xyz 0 0 0))
      (scale (xyz 1 1 1))
      (rotate (xyz -90 0 0))
    )
  )

  (module Capacitor_SMD:C_0805_2012Metric_Pad1.15x1.40mm_HandSolder (layer B.Cu) (tedit 5FDB7A3C) (tstamp 5FE996F6)
    (at 109.6264 98.6536 90)
    (descr "Capacitor SMD 0805 (2012 Metric), square (rectangular) end terminal, IPC_7351 nominal with elongated pad for handsoldering. (Body size source: https://docs.google.com/spreadsheets/d/1BsfQQcO9C6DZCsRaXUlFlo91Tg2WpOkGARC1WS5S8t0/edit?usp=sharing), generated with kicad-footprint-generator")
    (tags "capacitor handsolder")
    (path /5FB93F0B)
    (attr smd)
    (fp_text reference C1 (at 0 -1.4732 90) (layer B.SilkS)
      (effects (font (size 0.5 0.5) (thickness 0.123)) (justify mirror))
    )
    (fp_text value 1uF (at 0 -1.65 90) (layer B.Fab)
      (effects (font (size 1 1) (thickness 0.15)) (justify mirror))
    )
    (fp_line (start -1 -0.6) (end -1 0.6) (layer B.Fab) (width 0.1))
    (fp_line (start -1 0.6) (end 1 0.6) (layer B.Fab) (width 0.1))
    (fp_line (start 1 0.6) (end 1 -0.6) (layer B.Fab) (width 0.1))
    (fp_line (start 1 -0.6) (end -1 -0.6) (layer B.Fab) (width 0.1))
    (fp_line (start -0.261252 0.71) (end 0.261252 0.71) (layer B.SilkS) (width 0.12))
    (fp_line (start -0.261252 -0.71) (end 0.261252 -0.71) (layer B.SilkS) (width 0.12))
    (fp_line (start -1.85 -0.95) (end -1.85 0.95) (layer B.CrtYd) (width 0.05))
    (fp_line (start -1.85 0.95) (end 1.85 0.95) (layer B.CrtYd) (width 0.05))
    (fp_line (start 1.85 0.95) (end 1.85 -0.95) (layer B.CrtYd) (width 0.05))
    (fp_line (start 1.85 -0.95) (end -1.85 -0.95) (layer B.CrtYd) (width 0.05))
    (fp_text user %R (at 0 0 90) (layer B.Fab)
      (effects (font (size 0.5 0.5) (thickness 0.08)) (justify mirror))
    )
    (pad 1 smd roundrect (at -1.025 0 90) (size 1.15 1.4) (layers B.Cu B.Paste B.Mask) (roundrect_rratio 0.217391)
      (net 3 /5V_in))
    (pad 2 smd roundrect (at 1.025 0 90) (size 1.15 1.4) (layers B.Cu B.Paste B.Mask) (roundrect_rratio 0.217391)
      (net 2 GND))
    (model ${KISYS3DMOD}/Capacitor_SMD.3dshapes/C_0805_2012Metric.wrl
      (at (xyz 0 0 0))
      (scale (xyz 1 1 1))
      (rotate (xyz 0 0 0))
    )
  )

  (module Capacitor_SMD:C_0805_2012Metric_Pad1.15x1.40mm_HandSolder (layer B.Cu) (tedit 5FDB78C1) (tstamp 5FDB6301)
    (at 119.0244 108.204)
    (descr "Capacitor SMD 0805 (2012 Metric), square (rectangular) end terminal, IPC_7351 nominal with elongated pad for handsoldering. (Body size source: https://docs.google.com/spreadsheets/d/1BsfQQcO9C6DZCsRaXUlFlo91Tg2WpOkGARC1WS5S8t0/edit?usp=sharing), generated with kicad-footprint-generator")
    (tags "capacitor handsolder")
    (path /5FB96E32)
    (attr smd)
    (fp_text reference C2 (at 0 1.4224) (layer B.SilkS)
      (effects (font (size 0.5 0.5) (thickness 0.123)) (justify mirror))
    )
    (fp_text value 4.7uF (at 0 -1.65) (layer B.Fab)
      (effects (font (size 1 1) (thickness 0.15)) (justify mirror))
    )
    (fp_text user %R (at 0 0) (layer B.Fab)
      (effects (font (size 0.5 0.5) (thickness 0.08)) (justify mirror))
    )
    (fp_line (start 1.85 -0.95) (end -1.85 -0.95) (layer B.CrtYd) (width 0.05))
    (fp_line (start 1.85 0.95) (end 1.85 -0.95) (layer B.CrtYd) (width 0.05))
    (fp_line (start -1.85 0.95) (end 1.85 0.95) (layer B.CrtYd) (width 0.05))
    (fp_line (start -1.85 -0.95) (end -1.85 0.95) (layer B.CrtYd) (width 0.05))
    (fp_line (start -0.261252 -0.71) (end 0.261252 -0.71) (layer B.SilkS) (width 0.12))
    (fp_line (start -0.261252 0.71) (end 0.261252 0.71) (layer B.SilkS) (width 0.12))
    (fp_line (start 1 -0.6) (end -1 -0.6) (layer B.Fab) (width 0.1))
    (fp_line (start 1 0.6) (end 1 -0.6) (layer B.Fab) (width 0.1))
    (fp_line (start -1 0.6) (end 1 0.6) (layer B.Fab) (width 0.1))
    (fp_line (start -1 -0.6) (end -1 0.6) (layer B.Fab) (width 0.1))
    (pad 2 smd roundrect (at 1.025 0) (size 1.15 1.4) (layers B.Cu B.Paste B.Mask) (roundrect_rratio 0.217391)
      (net 2 GND))
    (pad 1 smd roundrect (at -1.025 0) (size 1.15 1.4) (layers B.Cu B.Paste B.Mask) (roundrect_rratio 0.217391)
      (net 1 /Vin))
    (model ${KISYS3DMOD}/Capacitor_SMD.3dshapes/C_0805_2012Metric.wrl
      (at (xyz 0 0 0))
      (scale (xyz 1 1 1))
      (rotate (xyz 0 0 0))
    )
  )

  (module Capacitor_SMD:C_0805_2012Metric_Pad1.15x1.40mm_HandSolder (layer B.Cu) (tedit 5FDB78CC) (tstamp 5FDB6312)
    (at 119.0244 106.0196)
    (descr "Capacitor SMD 0805 (2012 Metric), square (rectangular) end terminal, IPC_7351 nominal with elongated pad for handsoldering. (Body size source: https://docs.google.com/spreadsheets/d/1BsfQQcO9C6DZCsRaXUlFlo91Tg2WpOkGARC1WS5S8t0/edit?usp=sharing), generated with kicad-footprint-generator")
    (tags "capacitor handsolder")
    (path /5FB91C9B)
    (attr smd)
    (fp_text reference C3 (at 0 -1.4224) (layer B.SilkS)
      (effects (font (size 0.5 0.5) (thickness 0.123)) (justify mirror))
    )
    (fp_text value 0.1uF (at 0 -1.65) (layer B.Fab)
      (effects (font (size 1 1) (thickness 0.15)) (justify mirror))
    )
    (fp_line (start -1 -0.6) (end -1 0.6) (layer B.Fab) (width 0.1))
    (fp_line (start -1 0.6) (end 1 0.6) (layer B.Fab) (width 0.1))
    (fp_line (start 1 0.6) (end 1 -0.6) (layer B.Fab) (width 0.1))
    (fp_line (start 1 -0.6) (end -1 -0.6) (layer B.Fab) (width 0.1))
    (fp_line (start -0.261252 0.71) (end 0.261252 0.71) (layer B.SilkS) (width 0.12))
    (fp_line (start -0.261252 -0.71) (end 0.261252 -0.71) (layer B.SilkS) (width 0.12))
    (fp_line (start -1.85 -0.95) (end -1.85 0.95) (layer B.CrtYd) (width 0.05))
    (fp_line (start -1.85 0.95) (end 1.85 0.95) (layer B.CrtYd) (width 0.05))
    (fp_line (start 1.85 0.95) (end 1.85 -0.95) (layer B.CrtYd) (width 0.05))
    (fp_line (start 1.85 -0.95) (end -1.85 -0.95) (layer B.CrtYd) (width 0.05))
    (fp_text user %R (at 0 0) (layer B.Fab)
      (effects (font (size 0.5 0.5) (thickness 0.08)) (justify mirror))
    )
    (pad 1 smd roundrect (at -1.025 0) (size 1.15 1.4) (layers B.Cu B.Paste B.Mask) (roundrect_rratio 0.217391)
      (net 1 /Vin))
    (pad 2 smd roundrect (at 1.025 0) (size 1.15 1.4) (layers B.Cu B.Paste B.Mask) (roundrect_rratio 0.217391)
      (net 2 GND))
    (model ${KISYS3DMOD}/Capacitor_SMD.3dshapes/C_0805_2012Metric.wrl
      (at (xyz 0 0 0))
      (scale (xyz 1 1 1))
      (rotate (xyz 0 0 0))
    )
  )

  (module Capacitor_SMD:C_0805_2012Metric_Pad1.15x1.40mm_HandSolder (layer B.Cu) (tedit 5FDB7929) (tstamp 5FEA8826)
    (at 120.2944 123.2408)
    (descr "Capacitor SMD 0805 (2012 Metric), square (rectangular) end terminal, IPC_7351 nominal with elongated pad for handsoldering. (Body size source: https://docs.google.com/spreadsheets/d/1BsfQQcO9C6DZCsRaXUlFlo91Tg2WpOkGARC1WS5S8t0/edit?usp=sharing), generated with kicad-footprint-generator")
    (tags "capacitor handsolder")
    (path /5FBF9DC7)
    (attr smd)
    (fp_text reference C4 (at 0 -1.4732) (layer B.SilkS)
      (effects (font (size 0.5 0.5) (thickness 0.123)) (justify mirror))
    )
    (fp_text value 10uF (at 0 -1.65) (layer B.Fab)
      (effects (font (size 1 1) (thickness 0.15)) (justify mirror))
    )
    (fp_line (start -1 -0.6) (end -1 0.6) (layer B.Fab) (width 0.1))
    (fp_line (start -1 0.6) (end 1 0.6) (layer B.Fab) (width 0.1))
    (fp_line (start 1 0.6) (end 1 -0.6) (layer B.Fab) (width 0.1))
    (fp_line (start 1 -0.6) (end -1 -0.6) (layer B.Fab) (width 0.1))
    (fp_line (start -0.261252 0.71) (end 0.261252 0.71) (layer B.SilkS) (width 0.12))
    (fp_line (start -0.261252 -0.71) (end 0.261252 -0.71) (layer B.SilkS) (width 0.12))
    (fp_line (start -1.85 -0.95) (end -1.85 0.95) (layer B.CrtYd) (width 0.05))
    (fp_line (start -1.85 0.95) (end 1.85 0.95) (layer B.CrtYd) (width 0.05))
    (fp_line (start 1.85 0.95) (end 1.85 -0.95) (layer B.CrtYd) (width 0.05))
    (fp_line (start 1.85 -0.95) (end -1.85 -0.95) (layer B.CrtYd) (width 0.05))
    (fp_text user %R (at 0 0) (layer B.Fab)
      (effects (font (size 0.5 0.5) (thickness 0.08)) (justify mirror))
    )
    (pad 1 smd roundrect (at -1.025 0) (size 1.15 1.4) (layers B.Cu B.Paste B.Mask) (roundrect_rratio 0.217391)
      (net 1 /Vin))
    (pad 2 smd roundrect (at 1.025 0) (size 1.15 1.4) (layers B.Cu B.Paste B.Mask) (roundrect_rratio 0.217391)
      (net 2 GND))
    (model ${KISYS3DMOD}/Capacitor_SMD.3dshapes/C_0805_2012Metric.wrl
      (at (xyz 0 0 0))
      (scale (xyz 1 1 1))
      (rotate (xyz 0 0 0))
    )
  )

  (module Capacitor_SMD:C_0805_2012Metric_Pad1.15x1.40mm_HandSolder (layer B.Cu) (tedit 5FDB7A2B) (tstamp 5FDB6334)
    (at 116.9924 98.6536 90)
    (descr "Capacitor SMD 0805 (2012 Metric), square (rectangular) end terminal, IPC_7351 nominal with elongated pad for handsoldering. (Body size source: https://docs.google.com/spreadsheets/d/1BsfQQcO9C6DZCsRaXUlFlo91Tg2WpOkGARC1WS5S8t0/edit?usp=sharing), generated with kicad-footprint-generator")
    (tags "capacitor handsolder")
    (path /5FB92A4C)
    (attr smd)
    (fp_text reference C7 (at 0 1.4732 90) (layer B.SilkS)
      (effects (font (size 0.5 0.5) (thickness 0.123)) (justify mirror))
    )
    (fp_text value 1uF (at 0 -1.65 90) (layer B.Fab)
      (effects (font (size 1 1) (thickness 0.15)) (justify mirror))
    )
    (fp_text user %R (at 0 0 90) (layer B.Fab)
      (effects (font (size 0.5 0.5) (thickness 0.08)) (justify mirror))
    )
    (fp_line (start 1.85 -0.95) (end -1.85 -0.95) (layer B.CrtYd) (width 0.05))
    (fp_line (start 1.85 0.95) (end 1.85 -0.95) (layer B.CrtYd) (width 0.05))
    (fp_line (start -1.85 0.95) (end 1.85 0.95) (layer B.CrtYd) (width 0.05))
    (fp_line (start -1.85 -0.95) (end -1.85 0.95) (layer B.CrtYd) (width 0.05))
    (fp_line (start -0.261252 -0.71) (end 0.261252 -0.71) (layer B.SilkS) (width 0.12))
    (fp_line (start -0.261252 0.71) (end 0.261252 0.71) (layer B.SilkS) (width 0.12))
    (fp_line (start 1 -0.6) (end -1 -0.6) (layer B.Fab) (width 0.1))
    (fp_line (start 1 0.6) (end 1 -0.6) (layer B.Fab) (width 0.1))
    (fp_line (start -1 0.6) (end 1 0.6) (layer B.Fab) (width 0.1))
    (fp_line (start -1 -0.6) (end -1 0.6) (layer B.Fab) (width 0.1))
    (pad 2 smd roundrect (at 1.025 0 90) (size 1.15 1.4) (layers B.Cu B.Paste B.Mask) (roundrect_rratio 0.217391)
      (net 2 GND))
    (pad 1 smd roundrect (at -1.025 0 90) (size 1.15 1.4) (layers B.Cu B.Paste B.Mask) (roundrect_rratio 0.217391)
      (net 4 "Net-(C7-Pad1)"))
    (model ${KISYS3DMOD}/Capacitor_SMD.3dshapes/C_0805_2012Metric.wrl
      (at (xyz 0 0 0))
      (scale (xyz 1 1 1))
      (rotate (xyz 0 0 0))
    )
  )

  (module Capacitor_SMD:C_0805_2012Metric_Pad1.15x1.40mm_HandSolder (layer B.Cu) (tedit 5FDB795E) (tstamp 5FDB6345)
    (at 118.373 130.556 180)
    (descr "Capacitor SMD 0805 (2012 Metric), square (rectangular) end terminal, IPC_7351 nominal with elongated pad for handsoldering. (Body size source: https://docs.google.com/spreadsheets/d/1BsfQQcO9C6DZCsRaXUlFlo91Tg2WpOkGARC1WS5S8t0/edit?usp=sharing), generated with kicad-footprint-generator")
    (tags "capacitor handsolder")
    (path /5FD815A4)
    (attr smd)
    (fp_text reference C8 (at 2.4474 0 270) (layer B.SilkS)
      (effects (font (size 0.5 0.5) (thickness 0.123)) (justify mirror))
    )
    (fp_text value 1uF (at 0 -1.65 180) (layer B.Fab)
      (effects (font (size 1 1) (thickness 0.15)) (justify mirror))
    )
    (fp_text user %R (at 0 0 180) (layer B.Fab)
      (effects (font (size 0.5 0.5) (thickness 0.08)) (justify mirror))
    )
    (fp_line (start 1.85 -0.95) (end -1.85 -0.95) (layer B.CrtYd) (width 0.05))
    (fp_line (start 1.85 0.95) (end 1.85 -0.95) (layer B.CrtYd) (width 0.05))
    (fp_line (start -1.85 0.95) (end 1.85 0.95) (layer B.CrtYd) (width 0.05))
    (fp_line (start -1.85 -0.95) (end -1.85 0.95) (layer B.CrtYd) (width 0.05))
    (fp_line (start -0.261252 -0.71) (end 0.261252 -0.71) (layer B.SilkS) (width 0.12))
    (fp_line (start -0.261252 0.71) (end 0.261252 0.71) (layer B.SilkS) (width 0.12))
    (fp_line (start 1 -0.6) (end -1 -0.6) (layer B.Fab) (width 0.1))
    (fp_line (start 1 0.6) (end 1 -0.6) (layer B.Fab) (width 0.1))
    (fp_line (start -1 0.6) (end 1 0.6) (layer B.Fab) (width 0.1))
    (fp_line (start -1 -0.6) (end -1 0.6) (layer B.Fab) (width 0.1))
    (pad 2 smd roundrect (at 1.025 0 180) (size 1.15 1.4) (layers B.Cu B.Paste B.Mask) (roundrect_rratio 0.217391)
      (net 2 GND))
    (pad 1 smd roundrect (at -1.025 0 180) (size 1.15 1.4) (layers B.Cu B.Paste B.Mask) (roundrect_rratio 0.217391)
      (net 1 /Vin))
    (model ${KISYS3DMOD}/Capacitor_SMD.3dshapes/C_0805_2012Metric.wrl
      (at (xyz 0 0 0))
      (scale (xyz 1 1 1))
      (rotate (xyz 0 0 0))
    )
  )

  (module Capacitor_SMD:C_0805_2012Metric_Pad1.15x1.40mm_HandSolder (layer B.Cu) (tedit 5FDB794F) (tstamp 5FDB6356)
    (at 118.355 128.4732 180)
    (descr "Capacitor SMD 0805 (2012 Metric), square (rectangular) end terminal, IPC_7351 nominal with elongated pad for handsoldering. (Body size source: https://docs.google.com/spreadsheets/d/1BsfQQcO9C6DZCsRaXUlFlo91Tg2WpOkGARC1WS5S8t0/edit?usp=sharing), generated with kicad-footprint-generator")
    (tags "capacitor handsolder")
    (path /5FD886C0)
    (attr smd)
    (fp_text reference C9 (at 2.3786 0 270) (layer B.SilkS)
      (effects (font (size 0.5 0.5) (thickness 0.123)) (justify mirror))
    )
    (fp_text value 0.1uF (at 0 -1.65 180) (layer B.Fab)
      (effects (font (size 1 1) (thickness 0.15)) (justify mirror))
    )
    (fp_line (start -1 -0.6) (end -1 0.6) (layer B.Fab) (width 0.1))
    (fp_line (start -1 0.6) (end 1 0.6) (layer B.Fab) (width 0.1))
    (fp_line (start 1 0.6) (end 1 -0.6) (layer B.Fab) (width 0.1))
    (fp_line (start 1 -0.6) (end -1 -0.6) (layer B.Fab) (width 0.1))
    (fp_line (start -0.261252 0.71) (end 0.261252 0.71) (layer B.SilkS) (width 0.12))
    (fp_line (start -0.261252 -0.71) (end 0.261252 -0.71) (layer B.SilkS) (width 0.12))
    (fp_line (start -1.85 -0.95) (end -1.85 0.95) (layer B.CrtYd) (width 0.05))
    (fp_line (start -1.85 0.95) (end 1.85 0.95) (layer B.CrtYd) (width 0.05))
    (fp_line (start 1.85 0.95) (end 1.85 -0.95) (layer B.CrtYd) (width 0.05))
    (fp_line (start 1.85 -0.95) (end -1.85 -0.95) (layer B.CrtYd) (width 0.05))
    (fp_text user %R (at 0 0 180) (layer B.Fab)
      (effects (font (size 0.5 0.5) (thickness 0.08)) (justify mirror))
    )
    (pad 1 smd roundrect (at -1.025 0 180) (size 1.15 1.4) (layers B.Cu B.Paste B.Mask) (roundrect_rratio 0.217391)
      (net 1 /Vin))
    (pad 2 smd roundrect (at 1.025 0 180) (size 1.15 1.4) (layers B.Cu B.Paste B.Mask) (roundrect_rratio 0.217391)
      (net 2 GND))
    (model ${KISYS3DMOD}/Capacitor_SMD.3dshapes/C_0805_2012Metric.wrl
      (at (xyz 0 0 0))
      (scale (xyz 1 1 1))
      (rotate (xyz 0 0 0))
    )
  )

  (module Diode_SMD:D_SOD-323 (layer B.Cu) (tedit 5FDB7A45) (tstamp 5FDB636E)
    (at 118.0592 102.0572 180)
    (descr SOD-323)
    (tags SOD-323)
    (path /5FB923A5)
    (attr smd)
    (fp_text reference D2 (at -2.0828 0 270) (layer B.SilkS)
      (effects (font (size 0.5 0.5) (thickness 0.123)) (justify mirror))
    )
    (fp_text value D_Schottky (at 0.1 -1.9 180) (layer B.Fab)
      (effects (font (size 1 1) (thickness 0.15)) (justify mirror))
    )
    (fp_text user %R (at 0 1.85 180) (layer B.Fab)
      (effects (font (size 1 1) (thickness 0.15)) (justify mirror))
    )
    (fp_line (start -1.5 0.85) (end -1.5 -0.85) (layer B.SilkS) (width 0.12))
    (fp_line (start 0.2 0) (end 0.45 0) (layer B.Fab) (width 0.1))
    (fp_line (start 0.2 -0.35) (end -0.3 0) (layer B.Fab) (width 0.1))
    (fp_line (start 0.2 0.35) (end 0.2 -0.35) (layer B.Fab) (width 0.1))
    (fp_line (start -0.3 0) (end 0.2 0.35) (layer B.Fab) (width 0.1))
    (fp_line (start -0.3 0) (end -0.5 0) (layer B.Fab) (width 0.1))
    (fp_line (start -0.3 0.35) (end -0.3 -0.35) (layer B.Fab) (width 0.1))
    (fp_line (start -0.9 -0.7) (end -0.9 0.7) (layer B.Fab) (width 0.1))
    (fp_line (start 0.9 -0.7) (end -0.9 -0.7) (layer B.Fab) (width 0.1))
    (fp_line (start 0.9 0.7) (end 0.9 -0.7) (layer B.Fab) (width 0.1))
    (fp_line (start -0.9 0.7) (end 0.9 0.7) (layer B.Fab) (width 0.1))
    (fp_line (start -1.6 0.95) (end 1.6 0.95) (layer B.CrtYd) (width 0.05))
    (fp_line (start 1.6 0.95) (end 1.6 -0.95) (layer B.CrtYd) (width 0.05))
    (fp_line (start -1.6 -0.95) (end 1.6 -0.95) (layer B.CrtYd) (width 0.05))
    (fp_line (start -1.6 0.95) (end -1.6 -0.95) (layer B.CrtYd) (width 0.05))
    (fp_line (start -1.5 -0.85) (end 1.05 -0.85) (layer B.SilkS) (width 0.12))
    (fp_line (start -1.5 0.85) (end 1.05 0.85) (layer B.SilkS) (width 0.12))
    (pad 1 smd rect (at -1.05 0 180) (size 0.6 0.45) (layers B.Cu B.Paste B.Mask)
      (net 1 /Vin))
    (pad 2 smd rect (at 1.05 0 180) (size 0.6 0.45) (layers B.Cu B.Paste B.Mask)
      (net 4 "Net-(C7-Pad1)"))
    (model ${KISYS3DMOD}/Diode_SMD.3dshapes/D_SOD-323.wrl
      (at (xyz 0 0 0))
      (scale (xyz 1 1 1))
      (rotate (xyz 0 0 0))
    )
  )

  (module LED_SMD:LED_0805_2012Metric_Castellated (layer B.Cu) (tedit 5FDB790F) (tstamp 5FDB6381)
    (at 109.728 122.2221 265)
    (descr "LED SMD 0805 (2012 Metric), castellated end terminal, IPC_7351 nominal, (Body size source: https://docs.google.com/spreadsheets/d/1BsfQQcO9C6DZCsRaXUlFlo91Tg2WpOkGARC1WS5S8t0/edit?usp=sharing), generated with kicad-footprint-generator")
    (tags "LED castellated")
    (path /5FD224F2)
    (attr smd)
    (fp_text reference D6 (at -2.325218 0.20343 355) (layer B.SilkS)
      (effects (font (size 0.5 0.5) (thickness 0.123)) (justify mirror))
    )
    (fp_text value LED (at 0 -1.6 265) (layer B.Fab)
      (effects (font (size 1 1) (thickness 0.15)) (justify mirror))
    )
    (fp_text user %R (at 0 0 265) (layer B.Fab)
      (effects (font (size 0.5 0.5) (thickness 0.08)) (justify mirror))
    )
    (fp_line (start 1.88 -0.9) (end -1.88 -0.9) (layer B.CrtYd) (width 0.05))
    (fp_line (start 1.88 0.9) (end 1.88 -0.9) (layer B.CrtYd) (width 0.05))
    (fp_line (start -1.88 0.9) (end 1.88 0.9) (layer B.CrtYd) (width 0.05))
    (fp_line (start -1.88 -0.9) (end -1.88 0.9) (layer B.CrtYd) (width 0.05))
    (fp_line (start -1.885 -0.91) (end 1 -0.91) (layer B.SilkS) (width 0.12))
    (fp_line (start -1.885 0.91) (end -1.885 -0.91) (layer B.SilkS) (width 0.12))
    (fp_line (start 1 0.91) (end -1.885 0.91) (layer B.SilkS) (width 0.12))
    (fp_line (start 1 -0.6) (end 1 0.6) (layer B.Fab) (width 0.1))
    (fp_line (start -1 -0.6) (end 1 -0.6) (layer B.Fab) (width 0.1))
    (fp_line (start -1 0.3) (end -1 -0.6) (layer B.Fab) (width 0.1))
    (fp_line (start -0.7 0.6) (end -1 0.3) (layer B.Fab) (width 0.1))
    (fp_line (start 1 0.6) (end -0.7 0.6) (layer B.Fab) (width 0.1))
    (pad 2 smd roundrect (at 0.9625 0 265) (size 1.325 1.3) (layers B.Cu B.Paste B.Mask) (roundrect_rratio 0.192308)
      (net 1 /Vin))
    (pad 1 smd roundrect (at -0.9625 0 265) (size 1.325 1.3) (layers B.Cu B.Paste B.Mask) (roundrect_rratio 0.192308)
      (net 5 "Net-(D6-Pad1)"))
    (model ${KISYS3DMOD}/LED_SMD.3dshapes/LED_0805_2012Metric_Castellated.wrl
      (at (xyz 0 0 0))
      (scale (xyz 1 1 1))
      (rotate (xyz 0 0 0))
    )
  )

  (module LED_SMD:LED_0805_2012Metric_Castellated (layer B.Cu) (tedit 5FDB78EC) (tstamp 5FDB6394)
    (at 116.9924 122.3264 272)
    (descr "LED SMD 0805 (2012 Metric), castellated end terminal, IPC_7351 nominal, (Body size source: https://docs.google.com/spreadsheets/d/1BsfQQcO9C6DZCsRaXUlFlo91Tg2WpOkGARC1WS5S8t0/edit?usp=sharing), generated with kicad-footprint-generator")
    (tags "LED castellated")
    (path /5FCE0345)
    (attr smd)
    (fp_text reference D7 (at -2.288153 0.021758 2) (layer B.SilkS)
      (effects (font (size 0.5 0.5) (thickness 0.123)) (justify mirror))
    )
    (fp_text value LED (at 0 -1.6 272) (layer B.Fab)
      (effects (font (size 1 1) (thickness 0.15)) (justify mirror))
    )
    (fp_line (start 1 0.6) (end -0.7 0.6) (layer B.Fab) (width 0.1))
    (fp_line (start -0.7 0.6) (end -1 0.3) (layer B.Fab) (width 0.1))
    (fp_line (start -1 0.3) (end -1 -0.6) (layer B.Fab) (width 0.1))
    (fp_line (start -1 -0.6) (end 1 -0.6) (layer B.Fab) (width 0.1))
    (fp_line (start 1 -0.6) (end 1 0.6) (layer B.Fab) (width 0.1))
    (fp_line (start 1 0.91) (end -1.885 0.91) (layer B.SilkS) (width 0.12))
    (fp_line (start -1.885 0.91) (end -1.885 -0.91) (layer B.SilkS) (width 0.12))
    (fp_line (start -1.885 -0.91) (end 1 -0.91) (layer B.SilkS) (width 0.12))
    (fp_line (start -1.88 -0.9) (end -1.88 0.9) (layer B.CrtYd) (width 0.05))
    (fp_line (start -1.88 0.9) (end 1.88 0.9) (layer B.CrtYd) (width 0.05))
    (fp_line (start 1.88 0.9) (end 1.88 -0.9) (layer B.CrtYd) (width 0.05))
    (fp_line (start 1.88 -0.9) (end -1.88 -0.9) (layer B.CrtYd) (width 0.05))
    (fp_text user %R (at 0 0 272) (layer B.Fab)
      (effects (font (size 0.5 0.5) (thickness 0.08)) (justify mirror))
    )
    (pad 1 smd roundrect (at -0.9625 0 272) (size 1.325 1.3) (layers B.Cu B.Paste B.Mask) (roundrect_rratio 0.192308)
      (net 6 "Net-(D7-Pad1)"))
    (pad 2 smd roundrect (at 0.9625 0 272) (size 1.325 1.3) (layers B.Cu B.Paste B.Mask) (roundrect_rratio 0.192308)
      (net 1 /Vin))
    (model ${KISYS3DMOD}/LED_SMD.3dshapes/LED_0805_2012Metric_Castellated.wrl
      (at (xyz 0 0 0))
      (scale (xyz 1 1 1))
      (rotate (xyz 0 0 0))
    )
  )

  (module Package_TO_SOT_SMD:SOT-23 (layer B.Cu) (tedit 5FDB78D8) (tstamp 5FDB63A9)
    (at 113.538 117.9576 90)
    (descr "SOT-23, Standard")
    (tags SOT-23)
    (path /5FBBE223)
    (attr smd)
    (fp_text reference Q5 (at 0 2.3368 180) (layer B.SilkS)
      (effects (font (size 0.5 0.5) (thickness 0.123)) (justify mirror))
    )
    (fp_text value BC547 (at 0 -2.5 90) (layer B.Fab)
      (effects (font (size 1 1) (thickness 0.15)) (justify mirror))
    )
    (fp_text user %R (at 0 0) (layer B.Fab)
      (effects (font (size 0.5 0.5) (thickness 0.075)) (justify mirror))
    )
    (fp_line (start -0.7 0.95) (end -0.7 -1.5) (layer B.Fab) (width 0.1))
    (fp_line (start -0.15 1.52) (end 0.7 1.52) (layer B.Fab) (width 0.1))
    (fp_line (start -0.7 0.95) (end -0.15 1.52) (layer B.Fab) (width 0.1))
    (fp_line (start 0.7 1.52) (end 0.7 -1.52) (layer B.Fab) (width 0.1))
    (fp_line (start -0.7 -1.52) (end 0.7 -1.52) (layer B.Fab) (width 0.1))
    (fp_line (start 0.76 -1.58) (end 0.76 -0.65) (layer B.SilkS) (width 0.12))
    (fp_line (start 0.76 1.58) (end 0.76 0.65) (layer B.SilkS) (width 0.12))
    (fp_line (start -1.7 1.75) (end 1.7 1.75) (layer B.CrtYd) (width 0.05))
    (fp_line (start 1.7 1.75) (end 1.7 -1.75) (layer B.CrtYd) (width 0.05))
    (fp_line (start 1.7 -1.75) (end -1.7 -1.75) (layer B.CrtYd) (width 0.05))
    (fp_line (start -1.7 -1.75) (end -1.7 1.75) (layer B.CrtYd) (width 0.05))
    (fp_line (start 0.76 1.58) (end -1.4 1.58) (layer B.SilkS) (width 0.12))
    (fp_line (start 0.76 -1.58) (end -0.7 -1.58) (layer B.SilkS) (width 0.12))
    (pad 1 smd rect (at -1 0.95 90) (size 0.9 0.8) (layers B.Cu B.Paste B.Mask)
      (net 7 "Net-(Q5-Pad1)"))
    (pad 2 smd rect (at -1 -0.95 90) (size 0.9 0.8) (layers B.Cu B.Paste B.Mask)
      (net 8 /EYE_LED))
    (pad 3 smd rect (at 1 0 90) (size 0.9 0.8) (layers B.Cu B.Paste B.Mask)
      (net 2 GND))
    (model ${KISYS3DMOD}/Package_TO_SOT_SMD.3dshapes/SOT-23.wrl
      (at (xyz 0 0 0))
      (scale (xyz 1 1 1))
      (rotate (xyz 0 0 0))
    )
  )

  (module Resistor_SMD:R_0805_2012Metric_Pad1.15x1.40mm_HandSolder (layer B.Cu) (tedit 5FDB78FD) (tstamp 5FDB63BA)
    (at 114.7064 122.428 270)
    (descr "Resistor SMD 0805 (2012 Metric), square (rectangular) end terminal, IPC_7351 nominal with elongated pad for handsoldering. (Body size source: https://docs.google.com/spreadsheets/d/1BsfQQcO9C6DZCsRaXUlFlo91Tg2WpOkGARC1WS5S8t0/edit?usp=sharing), generated with kicad-footprint-generator")
    (tags "resistor handsolder")
    (path /5FCE033D)
    (attr smd)
    (fp_text reference R3 (at 2.3368 0) (layer B.SilkS)
      (effects (font (size 0.5 0.5) (thickness 0.123)) (justify mirror))
    )
    (fp_text value R (at 0 -1.65 270) (layer B.Fab)
      (effects (font (size 1 1) (thickness 0.15)) (justify mirror))
    )
    (fp_text user %R (at 0 0 270) (layer B.Fab)
      (effects (font (size 0.5 0.5) (thickness 0.08)) (justify mirror))
    )
    (fp_line (start 1.85 -0.95) (end -1.85 -0.95) (layer B.CrtYd) (width 0.05))
    (fp_line (start 1.85 0.95) (end 1.85 -0.95) (layer B.CrtYd) (width 0.05))
    (fp_line (start -1.85 0.95) (end 1.85 0.95) (layer B.CrtYd) (width 0.05))
    (fp_line (start -1.85 -0.95) (end -1.85 0.95) (layer B.CrtYd) (width 0.05))
    (fp_line (start -0.261252 -0.71) (end 0.261252 -0.71) (layer B.SilkS) (width 0.12))
    (fp_line (start -0.261252 0.71) (end 0.261252 0.71) (layer B.SilkS) (width 0.12))
    (fp_line (start 1 -0.6) (end -1 -0.6) (layer B.Fab) (width 0.1))
    (fp_line (start 1 0.6) (end 1 -0.6) (layer B.Fab) (width 0.1))
    (fp_line (start -1 0.6) (end 1 0.6) (layer B.Fab) (width 0.1))
    (fp_line (start -1 -0.6) (end -1 0.6) (layer B.Fab) (width 0.1))
    (pad 2 smd roundrect (at 1.025 0 270) (size 1.15 1.4) (layers B.Cu B.Paste B.Mask) (roundrect_rratio 0.217391)
      (net 7 "Net-(Q5-Pad1)"))
    (pad 1 smd roundrect (at -1.025 0 270) (size 1.15 1.4) (layers B.Cu B.Paste B.Mask) (roundrect_rratio 0.217391)
      (net 6 "Net-(D7-Pad1)"))
    (model ${KISYS3DMOD}/Resistor_SMD.3dshapes/R_0805_2012Metric.wrl
      (at (xyz 0 0 0))
      (scale (xyz 1 1 1))
      (rotate (xyz 0 0 0))
    )
  )

  (module Resistor_SMD:R_0805_2012Metric_Pad1.15x1.40mm_HandSolder (layer B.Cu) (tedit 5FDB7A51) (tstamp 5FDB63CB)
    (at 109.6772 109.9402 90)
    (descr "Resistor SMD 0805 (2012 Metric), square (rectangular) end terminal, IPC_7351 nominal with elongated pad for handsoldering. (Body size source: https://docs.google.com/spreadsheets/d/1BsfQQcO9C6DZCsRaXUlFlo91Tg2WpOkGARC1WS5S8t0/edit?usp=sharing), generated with kicad-footprint-generator")
    (tags "resistor handsolder")
    (path /5FBA4366)
    (attr smd)
    (fp_text reference R4 (at 0.009 -1.3716 90) (layer B.SilkS)
      (effects (font (size 0.5 0.5) (thickness 0.123)) (justify mirror))
    )
    (fp_text value 10K (at 0 -1.65 90) (layer B.Fab)
      (effects (font (size 1 1) (thickness 0.15)) (justify mirror))
    )
    (fp_text user %R (at 0 0 90) (layer B.Fab)
      (effects (font (size 0.5 0.5) (thickness 0.08)) (justify mirror))
    )
    (fp_line (start 1.85 -0.95) (end -1.85 -0.95) (layer B.CrtYd) (width 0.05))
    (fp_line (start 1.85 0.95) (end 1.85 -0.95) (layer B.CrtYd) (width 0.05))
    (fp_line (start -1.85 0.95) (end 1.85 0.95) (layer B.CrtYd) (width 0.05))
    (fp_line (start -1.85 -0.95) (end -1.85 0.95) (layer B.CrtYd) (width 0.05))
    (fp_line (start -0.261252 -0.71) (end 0.261252 -0.71) (layer B.SilkS) (width 0.12))
    (fp_line (start -0.261252 0.71) (end 0.261252 0.71) (layer B.SilkS) (width 0.12))
    (fp_line (start 1 -0.6) (end -1 -0.6) (layer B.Fab) (width 0.1))
    (fp_line (start 1 0.6) (end 1 -0.6) (layer B.Fab) (width 0.1))
    (fp_line (start -1 0.6) (end 1 0.6) (layer B.Fab) (width 0.1))
    (fp_line (start -1 -0.6) (end -1 0.6) (layer B.Fab) (width 0.1))
